[(0, 2), (3, 5), (6, 7), (8, 10), (11, 12)]
[(0, 1)]
[(2, 3), (4, 5)]
[(0, 1), (11, 12), (14, 15), (19, 20), (31, 32), (33, 34), (41, 42), (43, 44), (52, 53), (55, 57), (58, 59), (61, 62), (63, 65)]
[(6, 8), (17, 19), (25, 27), (29, 30), (35, 36), (40, 41), (47, 48), (52, 54), (55, 57)]
[(2, 3), (11, 12), (20, 21), (24, 25), (31, 32)]
[(1, 2)]
[(3, 5)]
[(6, 7), (24, 25), (29, 31), (34, 35), (37, 43), (44, 45), (56, 57), (60, 61), (67, 68), (75, 76), (79, 80), (81, 82), (85, 86), (95, 96), (101, 102), (110, 111), (117, 119), (120, 121), (123, 124)]
[(2, 3), (5, 6), (15, 16)]
[(1, 2), (3, 4), (9, 10), (12, 13), (23, 24), (27, 28), (41, 43)]
[(2, 3), (16, 17), (18, 19)]
[(23, 24), (30, 31), (33, 34), (42, 43), (44, 45), (46, 47), (53, 54), (55, 56), (58, 59)]
[(4, 5), (9, 10), (18, 20), (24, 26), (37, 38), (39, 40), (42, 43), (53, 54)]
[(1, 3)]
[(1, 2), (9, 10), (16, 17), (20, 21)]
[(9, 10)]
[(5, 6), (7, 8), (17, 18), (20, 22)]
[(1, 2), (4, 7)]
[(0, 1)]
[(2, 4), (7, 8)]
[(4, 6), (12, 14)]
[(2, 3)]
[(8, 9), (11, 12)]
[(8, 10), (21, 22), (24, 26), (28, 29), (31, 32), (34, 35), (43, 45), (49, 50), (55, 56), (64, 66), (76, 77), (79, 81), (87, 88), (89, 90), (92, 93)]
[(1, 2), (4, 5), (6, 7), (10, 11), (17, 20), (22, 23)]
[]
[(10, 11)]
[(11, 12), (16, 17)]
[(1, 2), (12, 13), (14, 16), (18, 19), (24, 26), (29, 31), (42, 43), (45, 46)]
[(0, 1), (2, 3), (8, 10), (11, 12)]
[(10, 12), (19, 20)]
[]
[(4, 7)]
[]
[(0, 1)]
[(2, 3), (8, 9)]
[(1, 2), (3, 4), (10, 11)]
[(1, 2), (4, 6)]
[(8, 9), (10, 11), (14, 15)]
[(0, 1), (2, 3)]
[]
[(3, 4), (6, 7), (10, 12), (18, 19), (27, 28)]
[(2, 3), (4, 5), (8, 9)]
[(2, 3), (7, 8), (18, 20), (21, 22), (24, 26), (27, 28)]
[(1, 2), (3, 4)]
[(4, 6), (7, 8)]
[(9, 10), (12, 13), (18, 20), (21, 22)]
[(18, 19), (20, 21), (22, 23), (34, 35), (39, 40), (46, 48)]
[(3, 4)]
[(0, 1)]
[(5, 6), (7, 8), (9, 11), (14, 15)]
[(0, 1), (4, 5), (14, 15), (17, 18), (27, 29), (34, 36), (39, 41), (44, 45)]
[(4, 5), (11, 12), (14, 15), (20, 21), (30, 31), (33, 34), (35, 36), (37, 38), (45, 46)]
[(9, 10), (13, 14), (28, 30), (37, 38), (39, 40), (43, 44)]
[(2, 3), (6, 7), (16, 17), (21, 22), (24, 25), (32, 33), (39, 40)]
[(14, 16), (19, 20), (24, 27), (29, 30), (31, 32), (43, 44), (46, 47)]
[(2, 3), (9, 10), (17, 18)]
[(4, 7), (12, 14), (25, 27), (28, 30), (35, 38), (40, 41), (45, 47)]
[(0, 1), (3, 4), (11, 13), (19, 20), (21, 22), (30, 31), (33, 35)]
[(8, 10), (16, 17), (18, 20), (22, 24), (32, 33), (35, 36), (42, 43), (46, 47), (48, 50), (57, 59), (61, 62)]
[(11, 12)]
[(12, 13)]
[(13, 15), (20, 21), (27, 29)]
[(5, 6), (10, 12), (19, 20), (21, 22), (27, 28), (34, 35), (36, 37), (38, 39), (41, 42), (44, 45), (47, 48), (51, 53), (63, 64), (65, 67), (70, 71), (73, 74), (76, 78), (81, 82), (83, 85), (91, 93)]
[(8, 9), (13, 16), (24, 25)]
[(5, 7), (20, 23), (30, 34), (35, 36), (45, 47), (48, 51), (59, 61), (62, 63), (74, 76), (92, 93), (97, 98), (116, 117), (119, 120)]
[(3, 4), (5, 6), (8, 10), (28, 29), (31, 32), (33, 35), (38, 39), (40, 41), (44, 45), (46, 48), (49, 50), (54, 56)]
[(0, 7)]
[(0, 6)]
[(0, 7)]
[(3, 6)]
[(1, 2), (11, 13)]
[(10, 12), (16, 17), (21, 22), (27, 29), (33, 35), (37, 39)]
[(8, 10), (37, 38), (39, 40), (52, 53)]
[]
[(7, 8), (10, 11), (15, 16), (30, 31)]
[(2, 3), (6, 7), (16, 17), (22, 23), (24, 26)]
[(5, 6), (13, 16), (24, 25), (45, 46), (58, 59), (61, 62), (80, 83)]
[(1, 2), (5, 6), (7, 8), (12, 13)]
[(1, 2), (16, 18)]
[(5, 7), (15, 16), (26, 27), (29, 30), (39, 41), (47, 48), (49, 50), (58, 60), (68, 69)]
[(6, 7), (8, 9), (10, 12), (19, 20)]
[(4, 5), (13, 16)]
[(2, 3), (6, 9), (14, 15), (26, 28), (32, 33), (34, 36), (41, 42)]
[(1, 2), (5, 7), (8, 9), (10, 11), (25, 26), (40, 41), (44, 45), (47, 49), (51, 52), (57, 59), (61, 62)]
[(3, 5), (13, 15)]
[(0, 2)]
[(3, 4), (6, 7), (9, 10), (13, 14), (29, 31), (41, 42), (45, 46), (52, 53), (55, 56), (63, 65), (76, 77), (82, 84)]
[(12, 13)]
[(0, 7)]
[(0, 6)]
[(0, 7)]
[(0, 2)]
[(1, 2), (3, 4)]
[(1, 2), (3, 5)]
[(1, 2), (12, 13), (19, 22), (26, 27), (31, 33)]
[(2, 3), (4, 5)]
[(8, 9), (17, 18)]
[(4, 7), (15, 16), (17, 18), (22, 23)]
[(2, 6)]
[(4, 6), (10, 11), (19, 21), (28, 29), (32, 34), (41, 42), (44, 45)]
[(10, 12), (13, 14), (15, 17)]
[(4, 5)]
[(6, 7), (21, 22), (25, 28)]
[(4, 5)]
[(0, 1), (2, 5), (6, 7)]
[(0, 1), (2, 5), (7, 9), (10, 13)]
[(1, 2), (7, 8), (9, 10)]
[(3, 5), (7, 8), (10, 11), (13, 14), (20, 21), (30, 33), (38, 40)]
[(0, 2)]
[(13, 14), (20, 21), (23, 24), (30, 32)]
[(8, 9), (10, 11), (14, 16), (25, 26), (33, 34)]
[(2, 3)]
[(9, 10), (11, 12), (17, 19), (25, 26), (29, 30), (32, 33)]
[(2, 3), (6, 8), (9, 10), (12, 13), (19, 20)]
[(3, 6), (12, 13), (14, 17), (19, 20), (22, 24), (34, 36)]
[(1, 2), (4, 5)]
[]
[(0, 1), (2, 3), (13, 14)]
[(0, 1), (10, 11), (19, 20), (31, 33), (42, 43), (48, 51), (53, 54), (60, 61)]
[(0, 1), (4, 5), (6, 7), (12, 13), (23, 24), (30, 31), (32, 33)]
[(1, 3), (6, 7)]
[(1, 3)]
[(10, 11)]
[(13, 14)]
[]
[(10, 12), (17, 18)]
[(0, 1), (2, 3), (4, 5), (6, 9)]
[(7, 8), (14, 16), (17, 18)]
[(7, 8), (9, 11), (17, 18), (20, 23), (26, 27), (28, 29), (31, 32), (45, 46), (51, 52), (53, 54)]
[]
[(2, 3), (4, 5), (10, 11), (15, 17)]
[(9, 10)]
[(5, 6), (12, 13), (19, 20), (23, 25)]
[(8, 9)]
[(3, 6), (7, 9), (10, 11), (12, 15)]
[(0, 1), (3, 4), (5, 6), (8, 9), (11, 12), (13, 14), (16, 17), (20, 21), (22, 23), (28, 29)]
[(6, 7)]
[(2, 4), (6, 8), (10, 12), (16, 17), (19, 20), (25, 26), (35, 36), (37, 38), (39, 40), (43, 44)]
[(9, 10), (14, 15), (17, 18), (20, 22)]
[(8, 9), (12, 13), (15, 18), (22, 23)]
[(9, 12), (13, 15), (18, 19), (21, 22), (32, 33), (46, 49), (55, 56)]
[(2, 4)]
[(4, 5), (8, 9), (15, 17), (20, 21)]
[(9, 10), (13, 15), (18, 20)]
[(7, 8)]
[(13, 14), (17, 18), (26, 27), (33, 35), (40, 42)]
[(0, 2), (5, 7), (8, 9), (18, 19)]
[]
[(9, 10), (24, 25), (26, 31)]
[(2, 3), (7, 8)]
[]
[]
[(7, 8), (30, 31), (46, 47), (51, 52), (64, 65)]
[(4, 7)]
[(1, 2), (4, 6), (9, 11), (20, 21), (27, 29)]
[(5, 6), (9, 11)]
[(1, 3), (9, 12), (16, 18), (23, 24), (31, 33)]
[]
[(4, 5), (6, 7), (12, 13), (14, 15)]
[(5, 6), (7, 9)]
[(1, 3), (11, 12), (17, 18), (23, 25)]
[(1, 2), (6, 7), (10, 11), (17, 19), (21, 22), (27, 29), (32, 33), (35, 36), (38, 39), (41, 42), (45, 46), (47, 49), (52, 53), (55, 56), (61, 64)]
[(11, 12), (13, 14), (17, 18), (22, 23)]
[(9, 11)]
[(1, 2), (12, 13)]
[(17, 19)]
[(4, 6)]
[(2, 3), (7, 8)]
[(4, 5), (9, 10), (11, 13), (18, 19), (34, 35), (36, 37), (58, 59), (64, 65)]
[(6, 7), (10, 12), (18, 19)]
[(0, 1), (9, 10), (25, 26), (29, 30), (31, 32), (34, 35)]
[(5, 7), (12, 13), (16, 17)]
[(9, 12)]
[(1, 2), (7, 9), (13, 14), (21, 22), (31, 32), (33, 36), (38, 40), (43, 44), (47, 48), (50, 51), (52, 55)]
[(1, 2), (18, 20), (24, 25)]
[(7, 9), (10, 11), (19, 21), (25, 26), (27, 29)]
[(6, 7), (8, 9), (10, 11), (14, 16), (19, 20), (22, 23)]
[(6, 11)]
[(3, 5), (7, 9), (10, 11)]
[(1, 2), (4, 6), (9, 10), (18, 19)]
[(6, 8)]
[(0, 2), (10, 12), (13, 15)]
[(7, 8), (9, 10)]
[(3, 4)]
[(2, 3), (6, 7), (8, 10)]
[(4, 5)]
[(1, 2), (5, 6), (7, 8), (10, 12), (14, 15)]
[(9, 11), (16, 17), (19, 20)]
[(4, 9), (12, 13), (23, 24), (34, 35), (38, 39), (42, 43), (49, 52), (58, 59), (61, 62), (65, 66), (72, 74)]
[(1, 2), (6, 7), (8, 9)]
[(4, 6), (13, 14)]
[]
[(2, 3), (10, 11), (13, 14)]
[(9, 10)]
[(1, 2), (3, 5), (10, 12)]
[(0, 1), (2, 3), (7, 8)]
[]
[(1, 2), (5, 7), (10, 11), (12, 13)]
[(1, 2), (11, 12)]
[(1, 2), (7, 8), (10, 11), (17, 20), (22, 23)]
[(5, 6), (16, 18)]
[(3, 6), (14, 16), (21, 22), (25, 26), (27, 28), (34, 35), (43, 44), (62, 64)]
[(6, 7), (9, 12)]
[(0, 2), (4, 6), (10, 11), (14, 15)]
[(2, 3), (19, 20), (22, 23)]
[(8, 10)]
[(9, 11), (12, 13), (14, 15), (21, 22)]
[(2, 4), (8, 9), (10, 11), (17, 18), (23, 24), (25, 26), (33, 36), (38, 39), (43, 44), (49, 51), (53, 54), (65, 66), (67, 68)]
[(2, 4), (9, 10), (16, 17), (18, 19), (28, 29), (31, 32), (34, 35), (37, 38), (40, 44)]
[(0, 1), (3, 4), (7, 10), (12, 13)]
[(0, 2)]
[(1, 2), (3, 4), (6, 8)]
[(4, 5), (7, 8), (12, 13), (15, 16), (17, 19), (21, 22), (24, 25), (33, 34), (35, 36)]
[(1, 3), (4, 5), (16, 17), (23, 25), (30, 31), (47, 48)]
[(6, 8), (10, 11), (14, 17), (33, 35), (37, 38), (52, 53), (58, 59)]
[(3, 4), (10, 11), (12, 13), (20, 21)]
[(2, 3), (8, 9)]
[(9, 11), (14, 15), (17, 18)]
[(0, 1), (3, 4), (17, 19)]
[(1, 3)]
[(2, 3), (5, 7)]
[(3, 5)]
[(0, 1), (2, 3)]
[(0, 2), (3, 4), (6, 7), (11, 12), (19, 20), (23, 24), (33, 34), (35, 36)]
[(0, 1), (2, 3), (5, 6), (7, 8), (9, 11)]
[(1, 3)]
[(2, 3), (6, 7)]
[(4, 6)]
[(2, 3), (4, 5), (11, 12)]
[]
[(2, 3)]
[(5, 6), (8, 9)]
[]
[(0, 2), (3, 4), (6, 7), (8, 9), (10, 11), (18, 19), (21, 23), (24, 25), (28, 30)]
[(2, 4)]
[(2, 3)]
[(2, 3), (5, 6), (12, 13)]
[(15, 17), (19, 20), (27, 28), (30, 31)]
[(1, 2), (7, 8), (9, 10)]
[(1, 2), (6, 7), (20, 22), (24, 25), (29, 30)]
[(0, 1), (2, 4)]
[(2, 3), (5, 8), (15, 17)]
[(5, 6)]
[(1, 3), (5, 6), (7, 8), (10, 12), (17, 18), (24, 25)]
[(3, 5), (7, 8), (13, 14), (20, 22), (25, 27), (29, 31)]
[(1, 4)]
[(2, 3)]
[(4, 5), (7, 8), (11, 13), (18, 19)]
[(2, 3), (6, 7), (10, 11), (15, 17)]
[(7, 8), (10, 11), (13, 15), (21, 23), (30, 31), (32, 34)]
[(4, 5), (6, 8)]
[(1, 2), (13, 14), (21, 22), (28, 29), (34, 35)]
[(2, 3), (5, 6), (9, 11)]
[(10, 11), (14, 16), (23, 24)]
[(5, 6), (7, 8), (11, 12), (13, 14), (17, 20), (21, 23), (26, 27), (31, 32), (36, 37)]
[(12, 13), (38, 39)]
[(9, 10), (20, 21), (26, 27), (29, 30)]
[(4, 5), (17, 18)]
[(1, 2), (3, 4), (9, 11), (12, 13), (19, 21), (23, 24), (27, 28), (30, 31), (36, 37), (40, 41), (46, 47), (49, 50)]
[(3, 4), (7, 8), (15, 16)]
[(7, 8)]
[(2, 3), (4, 5)]
[(3, 4), (6, 8), (10, 11), (14, 15), (17, 18), (21, 23), (26, 27), (33, 35)]
[(0, 1)]
[(0, 1), (3, 4), (10, 11), (14, 15), (17, 18), (23, 24), (25, 26), (30, 32), (37, 38), (43, 44)]
[(6, 7), (8, 9)]
[(6, 7), (14, 15)]
[(2, 3), (5, 6)]
[(8, 10)]
[(6, 7)]
[(3, 5), (6, 7)]
[(1, 2), (8, 9)]
[(11, 12), (22, 23), (25, 28), (35, 37)]
[(0, 1), (3, 5), (20, 21), (30, 31), (45, 46)]
[(1, 3), (7, 8), (12, 13), (14, 15), (18, 20), (26, 27), (30, 32), (40, 41)]
[(15, 16), (20, 21), (24, 25)]
[(7, 8), (11, 12), (13, 14), (23, 24), (25, 27), (31, 32), (33, 34)]
[(1, 2), (7, 10)]
[(2, 3), (6, 7), (9, 10)]
[(4, 6), (8, 9), (10, 11), (15, 16), (18, 19), (20, 22), (30, 32)]
[(9, 10), (16, 17), (19, 20), (21, 22)]
[(1, 2), (5, 6), (12, 13), (14, 16), (20, 21), (25, 28), (31, 32), (34, 35), (40, 41), (45, 46), (48, 50)]
[(2, 3), (5, 6), (7, 8), (10, 11), (12, 14), (17, 18), (19, 20), (25, 27)]
[(0, 1), (3, 4), (5, 6), (11, 14), (15, 17), (18, 19), (24, 26), (28, 29), (31, 33)]
[(5, 6)]
[(2, 3), (4, 5)]
[(6, 7)]
[(4, 6), (7, 8), (17, 19)]
[(3, 5)]
[(2, 3)]
[(2, 4)]
[(1, 2)]
[]
[(4, 5), (7, 9), (11, 12)]
[(6, 9)]
[]
[(1, 3)]
[(4, 5)]
[(1, 2), (5, 6)]
[(1, 2), (7, 9)]
[(0, 1), (7, 8), (11, 12)]
[(2, 3), (6, 7), (12, 14)]
[(3, 4), (7, 10)]
[(2, 3), (12, 13), (16, 18), (20, 21), (25, 26), (27, 28), (30, 31)]
[(4, 5), (10, 13)]
[(1, 2), (3, 4), (5, 7)]
[(2, 4), (6, 8)]
[(3, 4), (8, 9), (11, 13)]
[(6, 7)]
[(1, 3), (5, 6)]
[(8, 9)]
[(4, 5), (9, 10), (13, 15)]
[(2, 3)]
[(0, 1), (13, 14), (16, 17), (20, 21)]
[(3, 4), (6, 7), (10, 11), (14, 16)]
[(11, 12)]
[(4, 6), (7, 9), (12, 13)]
[(1, 2), (4, 6), (8, 9)]
[(3, 4), (10, 12), (30, 31), (32, 34), (35, 37), (38, 40)]
[(2, 3), (7, 9), (11, 12), (14, 15), (18, 19)]
[(2, 5), (9, 11)]
[(1, 3), (9, 10)]
[(6, 7), (8, 10)]
[(6, 8)]
[(1, 2), (19, 21), (23, 24)]
[(3, 5)]
[(9, 11)]
[(2, 4)]
[(2, 4), (11, 13), (14, 15), (17, 18), (25, 26), (29, 30), (33, 34), (42, 43)]
[(0, 2)]
[(1, 3), (5, 7)]
[(3, 5), (24, 25), (35, 36)]
[(1, 2)]
[(2, 4)]
[(2, 3), (4, 5)]
[(10, 11), (12, 13)]
[(1, 2), (9, 10)]
[(0, 1), (4, 5), (11, 12), (14, 15), (16, 19), (40, 41), (47, 48), (50, 51), (54, 56), (59, 61), (63, 65)]
[(3, 6), (20, 22), (26, 28), (30, 31)]
[(0, 2), (3, 4), (9, 10), (11, 12), (14, 15)]
[(0, 1)]
[(1, 2), (14, 15), (24, 25)]
[(6, 8)]
[]
[(8, 9), (10, 11)]
[(9, 12), (15, 16), (20, 23), (25, 26), (27, 28)]
[(0, 1)]
[(4, 5), (8, 9), (11, 13), (18, 21), (28, 29), (34, 35), (36, 37)]
[(2, 3), (5, 7), (15, 16), (18, 19)]
[(2, 3), (4, 5), (9, 10), (11, 12)]
[(5, 6), (7, 8), (13, 15)]
[(0, 1), (9, 11)]
[(0, 1), (4, 5), (6, 7)]
[(3, 4), (9, 11), (12, 13), (15, 16)]
[(6, 8), (15, 18), (21, 22), (26, 27), (30, 31)]
[(2, 3), (7, 8), (10, 13), (15, 16), (18, 19), (30, 31), (35, 36), (37, 41), (46, 47), (49, 50), (52, 53), (61, 62), (65, 66), (69, 71), (77, 78)]
[(3, 4), (5, 6), (8, 9), (10, 13), (23, 24)]
[(9, 10), (21, 22), (26, 27), (31, 32)]
[(23, 27)]
[(19, 20), (24, 25), (28, 29), (37, 38)]
[(5, 6), (39, 40), (47, 49), (51, 53)]
[]
[]
[(3, 4), (17, 18), (21, 22), (26, 27), (34, 35), (40, 41), (43, 44), (47, 49), (50, 51), (52, 53)]
[(4, 5), (10, 12), (16, 17), (20, 21), (24, 25), (27, 28)]
[(2, 3)]
[(2, 3), (5, 8), (12, 14), (35, 36), (37, 38), (45, 46), (49, 50)]
[(3, 5), (6, 8), (9, 11), (15, 16), (17, 18), (29, 30), (31, 32)]
[(6, 7), (10, 11), (12, 13), (30, 31), (32, 33)]
[(4, 5)]
[(7, 8), (12, 13), (14, 15), (25, 26)]
[(5, 6)]
[(15, 16), (24, 26), (34, 35), (39, 42)]
[(3, 4), (5, 6), (10, 11)]
[(5, 6), (8, 9), (14, 16), (23, 24)]
[(5, 6), (8, 9)]
[(4, 7)]
[]
[(5, 6)]
[(4, 5), (6, 7), (8, 9), (12, 13), (19, 20)]
[(9, 10), (19, 20), (27, 29), (32, 33)]
[(1, 3)]
[(0, 3)]
[(2, 3)]
[(1, 2), (4, 5), (6, 8)]
[(3, 5), (6, 7), (9, 10)]
[(0, 1), (5, 6), (15, 16), (19, 20), (29, 31), (35, 36), (40, 41)]
[(2, 3), (7, 8), (19, 20), (21, 22), (24, 25), (26, 28), (35, 36), (38, 39)]
[(0, 1), (10, 11), (12, 13), (18, 20)]
[(5, 6), (7, 9), (14, 15), (20, 21), (24, 25), (31, 32), (36, 37), (39, 40)]
[(4, 5), (6, 7), (12, 14), (16, 17), (20, 21), (22, 24), (39, 40), (41, 42), (44, 45), (47, 48)]
[(3, 5), (7, 8), (9, 12)]
[(0, 1)]
[]
[(3, 4), (15, 16)]
[(2, 3), (6, 7)]
[(3, 4)]
[(2, 3)]
[]
[(0, 1), (6, 8)]
[(1, 2), (3, 7)]
[(5, 6), (9, 10), (13, 15)]
[(7, 8), (11, 12)]
[(5, 7)]
[(2, 3)]
[(5, 6)]
[(5, 8)]
[(7, 8), (14, 15)]
[(8, 9), (13, 14), (15, 16)]
[(3, 5), (9, 10), (13, 14), (22, 23), (27, 28), (32, 33), (39, 40)]
[]
[(7, 8), (13, 14), (16, 17)]
[(1, 2), (4, 7), (9, 11), (12, 14)]
[(3, 4), (7, 8)]
[(0, 2)]
[(6, 7)]
[(7, 8)]
[(7, 8), (14, 16)]
[(4, 5), (7, 8), (14, 15), (16, 18), (21, 22), (24, 27), (35, 36), (50, 51), (56, 57), (58, 59)]
[(0, 1), (4, 6), (10, 11), (14, 15), (20, 21), (27, 30)]
[(2, 3), (15, 16)]
[(0, 2), (4, 5), (8, 12), (13, 15), (20, 21)]
[(0, 1), (2, 3)]
[(2, 5), (10, 11), (13, 14), (20, 21), (25, 28), (32, 33)]
[(8, 9), (11, 13), (14, 15), (21, 22)]
[(1, 2), (10, 12)]
[]
[(1, 2), (3, 4), (9, 10)]
[(1, 2)]
[(1, 2), (7, 8), (9, 10)]
[(6, 7), (8, 10), (12, 14), (16, 17), (31, 33)]
[(3, 4), (8, 9), (15, 16), (19, 21), (25, 27), (29, 30), (33, 34), (39, 40), (52, 54), (57, 59)]
[(1, 3), (7, 9), (13, 15)]
[(2, 3), (4, 6), (7, 9), (14, 16)]
[(1, 2), (6, 7), (8, 9), (13, 14), (15, 16), (18, 19), (20, 21), (28, 30)]
[]
[]
[(6, 8), (12, 15), (16, 18), (19, 20), (28, 30), (42, 43), (54, 55), (60, 61), (66, 67), (76, 78)]
[(5, 8)]
[(2, 3)]
[(5, 6), (7, 8)]
[(2, 3), (4, 6), (8, 9)]
[(4, 5)]
[(3, 5), (8, 9)]
[(4, 5), (8, 9), (11, 12), (13, 14)]
[(2, 3), (13, 14), (16, 17), (21, 22), (28, 29)]
[(2, 3), (4, 6)]
[(0, 2), (13, 15), (18, 20), (25, 26), (35, 36)]
[(3, 4), (6, 7), (9, 10), (22, 23), (28, 29)]
[(3, 5)]
[(0, 1), (4, 5), (7, 8), (12, 14), (19, 20), (23, 25), (28, 29)]
[(7, 8), (15, 17), (19, 21), (23, 24), (44, 45)]
[(6, 7)]
[(11, 12), (18, 19), (24, 25), (26, 28), (29, 30)]
[(1, 4), (5, 6), (10, 11), (17, 18), (19, 20), (25, 26), (29, 30)]
[(4, 5), (6, 7), (8, 9), (29, 31)]
[(2, 4), (6, 7), (10, 11), (12, 13), (22, 23), (30, 32), (36, 38), (42, 43), (45, 47)]
[(6, 8)]
[(3, 5), (7, 8), (17, 19), (26, 28), (43, 44), (46, 49), (52, 53), (55, 56), (59, 61)]
[(1, 3), (9, 12), (18, 19)]
[(1, 5)]
[(1, 2), (6, 7), (24, 25), (27, 28), (36, 37), (47, 48), (51, 52)]
[(10, 12), (13, 14), (29, 30), (33, 34), (39, 40), (41, 42), (47, 48), (51, 52), (57, 58), (61, 63), (74, 75), (79, 81), (86, 87), (89, 90), (93, 94), (95, 96), (98, 99), (101, 102), (106, 107), (115, 116), (117, 118), (120, 121), (122, 123), (127, 128), (133, 134), (138, 139), (146, 147), (148, 150), (152, 153), (157, 160), (161, 162), (164, 166), (173, 174), (175, 176), (182, 184), (190, 191), (195, 196), (199, 203)]
[(5, 7), (10, 11), (21, 22), (29, 30), (36, 38), (40, 41), (43, 44)]
[]
[(1, 2), (8, 9), (20, 21), (42, 44)]
[(1, 2)]
[(8, 9)]
[]
[(8, 9), (14, 16)]
[(1, 3)]
[(0, 1), (3, 4), (7, 8), (10, 11), (12, 13), (19, 20), (24, 26), (32, 33)]
[(3, 5), (11, 13), (14, 15), (27, 28), (44, 45), (51, 52)]
[(5, 6), (11, 12), (14, 15), (18, 19), (24, 26), (35, 36), (41, 43), (48, 50), (54, 55)]
[(0, 2), (3, 4), (6, 7)]
[(1, 2), (3, 4), (10, 11), (12, 13), (17, 18), (20, 21), (24, 25), (31, 32), (33, 35)]
[(3, 4)]
[(2, 3)]
[(4, 6), (8, 9)]
[(0, 1), (4, 5), (31, 32), (41, 43)]
[(7, 8)]
[(2, 3)]
[(1, 2)]
[(5, 7), (10, 12), (13, 14), (16, 17), (22, 23)]
[(6, 7), (9, 10)]
[(3, 4), (13, 15), (35, 38), (40, 41), (43, 45)]
[(4, 6), (8, 9)]
[(1, 2), (7, 8), (14, 15), (25, 26), (30, 31), (41, 42), (52, 54), (57, 58)]
[(3, 5), (7, 8)]
[(1, 2), (5, 6), (8, 10), (11, 12), (25, 27)]
[]
[(2, 3)]
[(3, 4)]
[(7, 8), (10, 11)]
[(0, 1), (7, 8), (9, 15), (40, 42)]
[(2, 3)]
[(2, 3)]
[(3, 5), (8, 9), (14, 16), (20, 21), (26, 29), (30, 31)]
[(1, 2), (3, 4)]
[(1, 2)]
[(3, 5), (8, 9)]
[(2, 3), (6, 7)]
[(1, 2), (3, 5), (7, 8)]
[(4, 5)]
[(1, 2), (6, 7)]
[(2, 3), (5, 6)]
[(0, 1), (11, 12), (24, 27)]
[(2, 3), (7, 8), (15, 16), (19, 20), (23, 24), (35, 36)]
[(3, 5), (8, 10), (11, 12), (19, 20), (31, 33), (34, 36)]
[(1, 2), (6, 7)]
[(2, 3)]
[(1, 2), (5, 6), (9, 17), (21, 23)]
[(0, 1), (5, 7)]
[(1, 2), (3, 7), (8, 11), (13, 14)]
[(0, 1), (3, 4)]
[(5, 7), (9, 11), (16, 17), (29, 30), (37, 38), (41, 43)]
[(3, 4), (5, 7), (10, 11), (19, 20), (27, 28), (32, 33)]
[(3, 5), (7, 8), (18, 21), (28, 29), (32, 33), (34, 35), (39, 40), (42, 43)]
[(3, 5), (7, 8), (13, 15), (21, 22), (26, 27), (29, 30), (34, 35), (42, 44)]
[(3, 5), (7, 8), (12, 13), (17, 18), (20, 21), (26, 27), (30, 31), (33, 34), (35, 36)]
[(3, 5), (7, 8), (14, 15), (19, 20), (22, 23), (26, 28), (34, 35), (36, 37), (39, 40), (42, 44)]
[(3, 5), (7, 8), (16, 17), (27, 28), (30, 31), (33, 34), (40, 42)]
[(5, 6), (10, 13), (14, 15), (17, 18)]
[(7, 8), (9, 11)]
[(6, 8), (10, 12)]
[(5, 7), (9, 10)]
[(2, 3), (7, 10), (11, 12), (19, 20), (23, 24)]
[(8, 9), (11, 12), (17, 18), (20, 21)]
[(1, 2)]
[(2, 3)]
[]
[(5, 6), (10, 13), (19, 20), (21, 22)]
[(2, 3), (4, 5), (6, 7), (9, 10)]
[(0, 1), (2, 3), (13, 14), (24, 25)]
[(1, 2)]
[(2, 3)]
[(1, 2), (9, 10), (12, 13), (18, 21), (22, 23), (26, 27), (30, 32)]
[(5, 7)]
[(2, 3), (16, 19)]
[(4, 5)]
[(1, 3), (5, 7)]
[(10, 11), (18, 19)]
[(3, 5), (9, 11), (13, 14), (19, 20), (22, 23)]
[(1, 3)]
[(2, 3), (6, 7), (9, 10), (13, 14)]
[(6, 7), (13, 14), (23, 24), (28, 29), (32, 34), (38, 40)]
[(2, 3)]
[(1, 3), (5, 6)]
[(1, 2)]
[(3, 5), (7, 8), (21, 22), (26, 27)]
[(0, 1), (6, 7), (9, 10), (19, 20), (35, 37)]
[(7, 8), (21, 22), (24, 25), (27, 28)]
[(6, 7)]
[(13, 15), (18, 19), (21, 23), (26, 28), (30, 31), (36, 37)]
[(3, 5), (9, 11), (19, 20), (42, 44)]
[(1, 2), (8, 9), (14, 15), (18, 19), (32, 33), (35, 37)]
[(0, 7)]
[(0, 6)]
[(0, 7)]
[(1, 2), (4, 5), (9, 11)]
[(1, 2), (4, 5), (6, 7), (11, 12), (14, 15), (21, 22), (40, 42), (43, 44), (51, 52), (55, 56), (57, 59)]
[(2, 3), (5, 7)]
[(1, 2)]
[(3, 4), (5, 6)]
[(4, 6)]
[(11, 12), (18, 20), (22, 25)]
[(6, 7), (10, 11), (14, 15), (21, 22), (33, 34), (40, 41), (44, 45)]
[(10, 12), (21, 22), (28, 29), (31, 32), (34, 35), (44, 46), (52, 53), (55, 57), (61, 62), (70, 71)]
[(1, 3)]
[(2, 3)]
[(3, 5), (6, 8)]
[(1, 2)]
[(4, 5)]
[(1, 2)]
[(2, 3), (8, 10), (15, 16), (17, 18), (22, 23), (25, 26), (28, 29)]
[(6, 8), (14, 15), (16, 17)]
[(3, 4), (6, 7), (8, 9), (13, 14), (15, 16), (20, 21), (22, 23), (25, 26), (37, 38)]
[(2, 3)]
[(0, 1), (13, 14), (16, 17), (20, 21)]
[(6, 8), (11, 13), (15, 16), (24, 25), (28, 30), (31, 32)]
[(5, 6), (8, 9), (10, 11), (13, 14)]
[(8, 9), (11, 12), (13, 14), (21, 22)]
[(6, 7), (9, 11), (13, 15), (17, 18), (21, 22), (24, 25), (50, 51)]
[(0, 1), (2, 4)]
[(4, 6), (7, 8)]
[(1, 2)]
[(10, 11)]
[]
[]
[(2, 3)]
[(10, 12)]
[(7, 10), (11, 12), (20, 21), (22, 23), (28, 29)]
[(2, 4)]
[(2, 3), (5, 6), (8, 10)]
[(3, 4), (6, 10), (12, 13), (16, 17), (20, 21)]
[]
[(4, 5), (9, 10), (11, 12)]
[(14, 16)]
[(4, 5), (7, 8), (9, 10), (15, 17), (20, 24), (28, 29)]
[(7, 8), (10, 11), (24, 25), (26, 27), (35, 36)]
[(4, 6), (7, 8), (16, 17), (23, 24), (25, 26), (32, 33), (35, 36), (55, 57), (59, 61)]
[(4, 6), (7, 9), (10, 11), (17, 18), (21, 22), (35, 36), (37, 38), (42, 43), (46, 47)]
[(1, 2)]
[(2, 3), (5, 7)]
[(0, 1), (5, 6), (14, 15), (20, 21)]
[(2, 3), (10, 11), (12, 13), (15, 16), (38, 39), (53, 55)]
[(8, 9), (11, 13), (30, 32)]
[(1, 2), (5, 7), (8, 9)]
[(4, 5)]
[(2, 3), (8, 9), (15, 16)]
[(4, 5), (9, 11), (13, 15), (21, 23), (33, 34)]
[(10, 12), (15, 17), (21, 22)]
[(4, 5), (6, 7), (18, 20), (30, 31)]
[(6, 8), (13, 14), (18, 20), (27, 28)]
[(0, 2)]
[(0, 1), (2, 3)]
[(2, 3), (10, 11), (22, 23), (24, 25), (30, 32), (38, 39), (43, 44), (50, 51), (59, 61), (66, 67), (69, 70)]
[(5, 6), (7, 8), (11, 13), (15, 17), (19, 20), (23, 24), (25, 26), (30, 31), (36, 37)]
[(15, 17), (20, 21)]
[(1, 2), (3, 4), (10, 11), (12, 14), (34, 36), (40, 41)]
[(1, 2), (4, 5), (7, 9)]
[(1, 2), (3, 4), (8, 11), (15, 16), (18, 19), (25, 26)]
[(1, 2), (4, 5), (7, 9)]
[(8, 9)]
[(0, 1), (15, 16), (17, 18), (20, 21), (30, 31), (32, 33), (43, 44), (46, 47), (53, 54)]
[(0, 1), (6, 7)]
[(3, 4), (5, 6), (7, 8), (10, 11), (13, 14), (20, 21)]
[(5, 6), (8, 10), (12, 13), (26, 27), (30, 31)]
[(6, 8), (13, 15), (16, 17), (24, 26), (30, 31), (37, 38)]
[(1, 2), (4, 5), (6, 7), (15, 16)]
[(5, 6), (8, 9), (11, 12), (24, 25)]
[(1, 2), (6, 7)]
[(6, 7), (9, 10), (16, 17)]
[(7, 8), (17, 18), (24, 25), (27, 28)]
[(3, 4), (7, 10), (15, 16)]
[(3, 4)]
[(7, 8), (11, 14)]
[(2, 3), (4, 5), (7, 8), (12, 14), (21, 22), (23, 25), (30, 31), (35, 36), (40, 41)]
[(2, 4), (8, 9), (12, 14), (18, 19)]
[(7, 8)]
[(1, 2), (6, 8)]
[(1, 2), (8, 9)]
[(2, 3)]
[(5, 7)]
[(4, 5), (7, 8)]
[(5, 7), (14, 15), (17, 18)]
[(7, 9)]
[(1, 2), (7, 9), (12, 13), (15, 16)]
[(5, 6), (15, 16), (17, 18)]
[]
[(1, 2)]
[(1, 2), (4, 5), (7, 8)]
[(5, 6), (7, 8), (12, 13), (14, 15), (22, 24)]
[(4, 5)]
[(1, 2), (6, 8), (13, 14), (16, 17), (22, 23), (30, 31), (33, 34), (37, 38), (40, 41), (45, 46), (49, 51), (57, 58)]
[(3, 4), (6, 8), (10, 11)]
[(0, 1)]
[(9, 10)]
[(2, 3), (10, 11), (20, 21), (22, 24)]
[(1, 3), (5, 6), (13, 14), (17, 19), (24, 25), (28, 29)]
[(1, 2), (6, 7), (8, 9), (23, 25), (34, 36), (38, 39)]
[(5, 8), (10, 11)]
[(0, 2)]
[(3, 5), (6, 9), (10, 11), (19, 20), (26, 27), (36, 37)]
[(4, 5), (7, 9), (13, 14), (18, 19), (21, 25)]
[(4, 5), (7, 8)]
[(4, 6), (11, 12), (24, 25)]
[(4, 5), (7, 8), (10, 11), (18, 20)]
[(0, 1), (7, 8), (10, 11), (22, 24), (25, 26)]
[(10, 11), (13, 14), (15, 16), (18, 19), (27, 28), (30, 31), (33, 34), (36, 37), (39, 40), (41, 42), (48, 49), (50, 51), (52, 53), (55, 56)]
[(1, 2), (4, 5), (15, 16), (31, 32)]
[(3, 4), (10, 11)]
[(0, 2), (9, 10), (11, 12)]
[(6, 7), (12, 14)]
[(2, 3), (5, 7), (9, 10), (13, 15), (18, 19), (23, 24)]
[(1, 2), (3, 4), (6, 8), (9, 10), (18, 19), (26, 27)]
[(1, 3), (5, 6), (11, 12), (13, 14)]
[(3, 4), (8, 9), (14, 16)]
[(1, 2), (3, 5), (7, 8), (10, 11), (13, 15)]
[(0, 1), (6, 7), (16, 17), (20, 21), (25, 26), (41, 42), (44, 45)]
[]
[(5, 6), (7, 9), (11, 12), (18, 19)]
[(7, 8), (12, 13), (14, 15), (26, 28), (30, 31), (33, 34)]
[(1, 2), (5, 7)]
[(0, 1)]
[(4, 5), (7, 8)]
[(1, 2)]
[(0, 1)]
[(0, 2)]
[(2, 3), (5, 7), (9, 10), (15, 16), (23, 26), (30, 31), (35, 36)]
[(6, 7), (21, 22), (25, 26)]
[(0, 1)]
[(1, 2)]
[(0, 1)]
[(0, 2)]
[]
[(5, 6)]
[(1, 2), (4, 5), (8, 9)]
[(9, 10), (12, 14), (20, 21)]
[(1, 2), (6, 7)]
[(0, 1), (3, 4), (6, 7), (12, 13), (15, 17), (22, 23), (24, 25), (27, 28), (33, 34), (35, 37), (38, 39)]
[(1, 4), (8, 9), (10, 11), (29, 30), (33, 35)]
[(8, 10), (23, 24), (25, 26), (30, 32), (34, 36), (37, 39), (54, 56)]
[(1, 2), (8, 9), (13, 15), (26, 27), (30, 31), (32, 33), (40, 41)]
[(3, 5), (10, 12), (14, 15), (23, 25)]
[(1, 2), (3, 6), (7, 8), (17, 19)]
[(1, 2), (6, 7), (12, 13), (18, 19)]
[(4, 5), (9, 11), (19, 20), (22, 24), (27, 28), (34, 35), (37, 38), (42, 43), (45, 46)]
[(7, 8), (15, 16), (24, 25)]
[(5, 6)]
[(10, 11), (13, 15), (16, 17), (23, 24), (25, 26)]
[(0, 1)]
[(1, 4), (16, 17), (23, 24), (25, 26)]
[(0, 1), (19, 20), (24, 26)]
[(14, 15), (17, 18)]
[(1, 2), (5, 6), (18, 19)]
[(4, 6), (20, 21)]
[(19, 21), (27, 29)]
[(5, 7), (16, 17), (31, 33), (46, 48), (51, 52), (54, 55), (56, 58)]
[(1, 2), (7, 8)]
[(12, 15), (17, 20), (31, 32)]
[(1, 4), (22, 23), (30, 32)]
[(1, 2), (5, 6), (9, 12)]
[(6, 7), (9, 10)]
[(4, 6), (13, 14), (16, 17)]
[(8, 9), (10, 11)]
[(5, 7), (8, 9), (14, 15)]
[(0, 1), (6, 9), (12, 13)]
[(5, 7), (10, 11), (13, 14), (22, 23)]
[(0, 1), (13, 14)]
[(2, 3), (4, 5), (8, 9)]
[(3, 4), (6, 7), (11, 14), (18, 19), (23, 24), (27, 29), (33, 35)]
[(0, 1), (9, 11)]
[(5, 6), (10, 12), (13, 14)]
[(7, 8), (9, 10), (12, 13), (19, 20)]
[(2, 4)]
[(2, 5)]
[(7, 10)]
[(1, 2)]
[(7, 8), (14, 15)]
[(0, 2), (25, 28)]
[(4, 5), (7, 8), (11, 12)]
[(3, 4)]
[(4, 5), (6, 7)]
[(1, 2), (6, 7), (15, 17), (26, 27), (30, 31)]
[(6, 7), (12, 13)]
[(3, 6)]
[(8, 9), (10, 11)]
[(6, 7), (9, 10)]
[(4, 5), (7, 8), (10, 11)]
[(6, 8), (9, 10)]
[(3, 4), (7, 8), (10, 11)]
[(0, 1), (15, 16)]
[(6, 7)]
[(5, 6), (11, 13)]
[(2, 3)]
[(3, 4), (8, 9)]
[(5, 8), (20, 22)]
[(8, 9)]
[(0, 1), (21, 22), (29, 30), (33, 35)]
[(3, 4), (5, 6), (7, 8), (15, 17), (29, 30), (33, 34), (47, 49)]
[(13, 14), (19, 20), (22, 23)]
[(1, 2), (7, 9)]
[(2, 3)]
[(3, 5), (6, 7), (26, 29)]
[(2, 4), (6, 7), (10, 11), (19, 20), (22, 23), (28, 29), (33, 34), (36, 37)]
[]
[(2, 3), (6, 7), (9, 11), (12, 13), (17, 18), (20, 21)]
[(5, 7), (12, 14)]
[(10, 11), (13, 14), (16, 18), (25, 27), (30, 31), (34, 35), (37, 38), (41, 42)]
[(5, 6), (14, 15), (23, 25), (26, 27), (34, 35), (42, 43), (51, 52)]
[(5, 6), (10, 11)]
[(0, 2)]
[(1, 3), (4, 5)]
[(3, 4), (8, 9), (10, 11), (13, 14), (17, 19), (21, 22), (24, 25), (29, 30), (47, 48), (51, 52), (59, 60)]
[(1, 2), (5, 7), (8, 9), (16, 18), (24, 27)]
[(1, 2), (16, 17), (22, 23)]
[(1, 3)]
[(6, 7)]
[(3, 5), (6, 8)]
[(1, 2), (10, 12), (13, 14), (16, 17), (19, 20)]
[(3, 4), (6, 8), (11, 13)]
[(0, 1), (5, 6), (10, 11), (14, 15)]
[(7, 9)]
[(2, 3), (4, 5), (6, 7), (9, 11)]
[(13, 14), (15, 16)]
[(15, 16), (18, 20)]
[(4, 5), (8, 11), (12, 13), (17, 19), (26, 27)]
[(2, 3), (5, 6), (8, 9)]
[(5, 6), (8, 9), (10, 12), (17, 19)]
[(7, 11), (14, 15), (21, 23)]
[(1, 2), (4, 5), (14, 15), (21, 22), (26, 28)]
[(1, 2), (7, 8)]
[(0, 2)]
[(3, 4), (7, 8), (10, 11), (18, 19), (21, 22)]
[(12, 13)]
[(2, 4)]
[(3, 4), (5, 6)]
[(10, 12)]
[(3, 5), (24, 26)]
[(3, 5), (6, 7)]
[(2, 3)]
[(17, 19), (20, 21)]
[(7, 8), (10, 12), (24, 26), (27, 28), (33, 34)]
[(7, 8), (10, 11), (19, 20), (29, 30), (32, 34), (35, 36)]
[(4, 6), (11, 12), (16, 17), (21, 22), (23, 24), (26, 27), (29, 30), (37, 38), (41, 42)]
[(1, 2), (8, 9)]
[(2, 3), (5, 6)]
[(5, 6), (11, 12), (15, 16), (36, 37)]
[(0, 1), (10, 12)]
[(2, 3)]
[(2, 3)]
[(7, 9), (10, 11)]
[(6, 8)]
[(4, 6), (8, 10)]
[(5, 6), (14, 15), (21, 22), (28, 29), (30, 32)]
[(1, 3), (5, 6), (18, 19), (20, 21), (33, 35), (39, 41), (46, 48)]
[(0, 1), (6, 7), (9, 10)]
[(3, 6)]
[]
[(4, 5), (7, 8), (10, 11), (12, 13), (15, 16), (17, 18)]
[]
[(2, 3)]
[(1, 3), (4, 5), (7, 8)]
[(2, 3), (4, 6), (14, 15), (19, 21), (24, 26)]
[(1, 2), (5, 6), (7, 9), (11, 12)]
[(0, 1)]
[(1, 2), (3, 5), (9, 10), (11, 12), (20, 21)]
[]
[(2, 3), (6, 7), (9, 10), (15, 18), (20, 21)]
[(1, 2), (4, 5), (13, 14), (17, 18), (20, 21)]
[(5, 6)]
[(1, 2), (6, 7)]
[(7, 9), (16, 18)]
[(6, 9), (11, 12)]
[(6, 8)]
[(0, 1)]
[(6, 7), (10, 12), (17, 18), (21, 22), (25, 26)]
[(4, 5), (13, 14), (19, 21), (23, 24)]
[(3, 5)]
[(4, 5), (9, 10), (11, 12)]
[(2, 3), (6, 8)]
[(1, 2), (6, 7)]
[(9, 10)]
[(3, 5), (16, 17), (20, 22)]
[(1, 2)]
[(4, 5), (7, 8)]
[(4, 7)]
[(7, 9), (14, 15), (17, 18), (22, 23)]
[(1, 2), (7, 8), (9, 10), (12, 13), (15, 16), (18, 19), (28, 29), (30, 31), (33, 34), (36, 37), (39, 40)]
[(0, 1), (5, 6), (7, 9)]
[(0, 1), (8, 10), (15, 17)]
[(7, 8), (9, 10)]
[(6, 7), (9, 10), (27, 28)]
[(4, 8)]
[(0, 1)]
[(1, 2), (4, 5)]
[]
[]
[(3, 5), (8, 9), (19, 21), (23, 26), (31, 33), (36, 37), (38, 39)]
[(0, 2), (3, 4), (5, 7)]
[(6, 7), (8, 9)]
[(3, 4)]
[(3, 4), (5, 6), (8, 9), (10, 11)]
[(9, 10), (15, 16)]
[(4, 5), (10, 11), (12, 13), (15, 16)]
[(0, 1), (2, 4)]
[(2, 3), (11, 12), (13, 14), (15, 16), (17, 18), (19, 21)]
[(1, 2), (5, 6), (9, 12), (14, 15), (19, 20), (32, 33)]
[(3, 5)]
[(1, 2), (4, 5)]
[(1, 2)]
[(7, 8), (12, 14), (19, 20), (22, 23)]
[(5, 6), (7, 8)]
[(1, 3), (5, 6), (7, 9)]
[(4, 5), (9, 10)]
[]
[(7, 8), (10, 11), (13, 14), (22, 23), (29, 30), (33, 34), (35, 36)]
[(5, 6), (9, 10)]
[(1, 2)]
[(3, 4), (6, 7), (11, 12)]
[(9, 10)]
[]
[(1, 2), (5, 6), (8, 10)]
[(3, 4)]
[(3, 5), (8, 10)]
[(3, 5), (8, 9), (11, 12), (13, 14), (19, 20)]
[(3, 4)]
[]
[(1, 2), (4, 6)]
[(6, 7)]
[(1, 3), (5, 6)]
[(6, 7), (11, 12), (13, 15), (20, 21), (25, 26)]
[(1, 2), (4, 6)]
[(2, 4)]
[]
[(0, 2)]
[(9, 10), (24, 25)]
[(4, 5), (8, 10), (12, 13), (16, 18), (22, 23), (24, 25), (26, 27), (29, 30), (36, 37), (39, 41)]
[(6, 7)]
[(1, 2), (7, 9), (10, 11), (12, 13), (14, 15)]
[(4, 6), (8, 9), (13, 14)]
[(4, 5), (11, 13), (19, 20), (22, 24)]
[(4, 5), (7, 8), (10, 13)]
[(0, 1), (9, 11), (12, 13), (37, 38), (40, 42)]
[(7, 9), (11, 12)]
[(3, 4), (5, 6), (7, 9), (12, 14), (22, 24)]
[(8, 10), (12, 13), (24, 26)]
[(1, 2), (3, 6), (7, 8)]
[(3, 4), (5, 7)]
[(1, 2)]
[(0, 1), (17, 18), (23, 24), (30, 31), (35, 36)]
[(7, 8), (10, 12)]
[(1, 2), (5, 6), (21, 22)]
[(5, 8)]
[(0, 1), (8, 9), (11, 13), (15, 16)]
[(0, 2)]
[(2, 3), (21, 22)]
[(6, 7)]
[(0, 1), (9, 11)]
[(7, 8)]
[]
[(2, 3)]
[]
[(5, 7)]
[(5, 6)]
[(1, 2), (6, 7)]
[(1, 3), (5, 6), (12, 13)]
[(4, 7), (9, 10), (16, 17), (18, 19), (20, 21)]
[(9, 10), (14, 16), (19, 20), (21, 23), (25, 26), (30, 31), (33, 35)]
[(1, 2), (4, 6), (9, 10), (12, 13), (15, 16), (18, 20), (27, 29), (33, 34), (35, 36), (38, 39)]
[(0, 1), (7, 8), (21, 23)]
[(5, 6), (7, 8)]
[(4, 5), (8, 9), (11, 12), (14, 15), (28, 29), (32, 33), (34, 36)]
[(4, 5), (6, 9), (12, 13), (19, 21)]
[(2, 3), (8, 9), (11, 12), (13, 14)]
[(1, 2), (3, 6), (11, 12), (16, 17)]
[(8, 9), (16, 17), (30, 31), (32, 33), (34, 35), (39, 41)]
[(4, 6)]
[(1, 2)]
[]
[(2, 4)]
[(0, 1)]
[(1, 2), (5, 6), (8, 9), (16, 17), (25, 26), (33, 35), (45, 46), (49, 50), (51, 52), (55, 56), (58, 59), (61, 62), (67, 68), (73, 75), (81, 82), (84, 85), (87, 89)]
[(7, 8), (9, 10), (21, 22)]
[(5, 8), (10, 11)]
[(1, 2), (3, 4), (7, 8), (15, 17), (23, 24), (32, 33), (35, 37), (49, 50), (59, 61), (71, 72), (74, 75)]
[(3, 4), (6, 7)]
[(1, 2), (6, 7), (9, 10)]
[(5, 7), (8, 9), (16, 18)]
[(12, 13), (15, 16)]
[(5, 7)]
[]
[(2, 3), (5, 7)]
[]
[]
[(7, 9), (14, 17)]
[(5, 7), (9, 10), (21, 24), (28, 29), (33, 34)]
[(8, 9), (14, 15), (19, 20), (21, 22), (26, 27), (34, 36), (38, 39), (47, 49), (52, 54), (55, 56), (58, 60)]
[(0, 2)]
[(1, 2), (3, 5), (6, 7)]
[(4, 6), (8, 9), (11, 12), (14, 15), (25, 26)]
[(0, 1), (5, 7), (32, 33)]
[(0, 1), (2, 3), (5, 6), (10, 11)]
[(4, 6), (7, 8), (13, 15), (17, 18), (20, 22)]
[(2, 3), (11, 13)]
[(0, 1), (3, 4), (5, 6)]
[(1, 2), (3, 4), (7, 8)]
[]
[(4, 5), (7, 8), (13, 14)]
[(3, 4)]
[(2, 3)]
[(3, 5), (6, 8), (10, 11)]
[(1, 2)]
[(6, 8)]
[(16, 17), (19, 20), (22, 23)]
[(0, 1), (4, 5), (11, 12), (16, 19), (21, 22), (25, 27), (41, 42), (43, 44)]
[(5, 6), (7, 8), (19, 20)]
[(2, 3), (4, 5)]
[(4, 6), (10, 11), (16, 17), (25, 26), (28, 29), (38, 39), (43, 44), (55, 56)]
[(4, 5), (21, 22), (31, 32), (37, 38)]
[(1, 3)]
[(3, 4)]
[(3, 4), (5, 7), (9, 10), (11, 12), (17, 18)]
[(2, 4), (5, 6), (14, 15), (22, 23), (24, 25), (27, 28), (31, 33), (40, 41), (50, 51)]
[(4, 6), (9, 10), (15, 17), (21, 22), (23, 24), (26, 27), (33, 34)]
[(3, 4), (6, 7), (8, 9), (13, 14), (16, 18), (24, 27), (30, 31)]
[(3, 4), (5, 6), (9, 10), (11, 13), (15, 18), (25, 27), (29, 35)]
[(0, 1), (13, 14), (17, 18), (30, 31), (32, 33), (36, 37), (42, 43), (45, 47), (52, 53)]
[]
[(2, 3), (6, 7), (18, 19), (25, 26)]
[(5, 6), (7, 8), (15, 16)]
[(1, 3)]
[(2, 3), (6, 7), (13, 14), (24, 25), (26, 28)]
[(2, 3), (4, 5), (9, 11), (12, 13), (31, 32), (33, 34)]
[]
[(4, 6)]
[(2, 3), (8, 9), (12, 13), (14, 15), (31, 32), (34, 35), (40, 41), (43, 44), (52, 53), (55, 56), (58, 59), (64, 66)]
[]
[(1, 2), (6, 8)]
[(5, 6), (7, 9)]
[(1, 2), (5, 6), (15, 16), (18, 20), (26, 27)]
[(1, 2)]
[(1, 3)]
[(1, 2), (10, 11)]
[(1, 2), (4, 5), (7, 8), (13, 14), (16, 17), (22, 24)]
[(1, 2), (12, 13), (14, 15), (17, 18)]
[(1, 2), (10, 11)]
[(1, 2), (3, 4)]
[(2, 3), (6, 7), (8, 10), (14, 15), (24, 25), (27, 28), (30, 32), (34, 35)]
[(1, 2), (4, 5)]
[(2, 3)]
[(4, 6)]
[(8, 9), (16, 17)]
[(1, 2), (5, 7), (13, 15), (20, 21), (29, 30)]
[]
[(2, 3), (10, 11)]
[(4, 5)]
[(2, 3), (9, 10), (15, 17), (21, 22), (23, 24)]
[(7, 8)]
[(1, 2), (9, 11), (12, 13)]
[(2, 3), (7, 8), (22, 23)]
[(3, 4), (5, 6)]
[(2, 3)]
[(2, 3), (10, 12)]
[(1, 2), (4, 5)]
[(3, 6)]
[(2, 3)]
[(4, 5)]
[(1, 2), (8, 9), (12, 13)]
[(2, 3)]
[(1, 2)]
[(1, 2)]
[(2, 3), (5, 6), (8, 9)]
[(3, 4), (10, 12)]
[(2, 4), (6, 7)]
[(5, 7), (14, 15)]
[(1, 3), (4, 5), (11, 13)]
[(1, 2)]
[(0, 2)]
[(2, 3), (8, 9)]
[(5, 6), (15, 16), (19, 20), (23, 24), (32, 33), (34, 36)]
[(3, 4)]
[(1, 2)]
[(1, 2), (7, 9)]
[(1, 2)]
[(6, 8), (9, 10), (19, 20), (23, 24)]
[(5, 6)]
[(4, 5), (6, 8), (10, 11)]
[(0, 1), (3, 5), (6, 7)]
[(3, 5)]
[(1, 2), (5, 7)]
[(2, 3)]
[(10, 11), (12, 13)]
[(1, 2), (4, 5)]
[(2, 3), (5, 6), (7, 8), (10, 11), (16, 17), (32, 33), (38, 39)]
[(0, 1), (8, 10), (11, 12), (14, 15), (19, 20), (21, 22), (24, 25), (26, 28), (30, 31), (32, 33), (36, 37), (47, 48), (49, 50), (54, 55)]
[(1, 4), (11, 12), (18, 19), (27, 28), (31, 32), (44, 45), (55, 56), (57, 58), (60, 61), (63, 64), (72, 73), (77, 79), (94, 95), (112, 113), (121, 122), (134, 135), (136, 137), (139, 140), (146, 147), (156, 157), (165, 167), (169, 170), (171, 172), (176, 177), (182, 184)]
[(1, 2), (9, 10), (14, 15), (20, 21), (26, 28), (29, 30), (33, 35), (47, 49)]
[(5, 7)]
[(4, 5)]
[(0, 1), (18, 19), (21, 22), (31, 32), (37, 38)]
[(4, 5), (7, 8), (11, 13), (18, 19), (22, 24)]
[(6, 7), (8, 9), (25, 27), (29, 30), (45, 46), (56, 57), (68, 70), (75, 76)]
[(6, 7)]
[(2, 3), (9, 10)]
[(0, 1), (4, 5)]
[(5, 6), (9, 10), (16, 17)]
[(2, 3), (4, 6), (10, 11), (14, 15), (19, 20), (22, 23), (29, 30)]
[(1, 2), (13, 14)]
[(11, 13), (19, 20), (40, 41), (45, 46), (56, 58), (66, 67), (73, 74), (78, 79), (84, 85), (87, 88), (92, 94), (97, 99), (101, 102), (109, 110), (111, 113), (125, 126)]
[(6, 8)]
[(2, 3), (5, 7)]
[(4, 5), (6, 7), (11, 12), (14, 16), (21, 22), (48, 50)]
[(1, 2)]
[]
[(2, 3), (7, 8), (13, 14), (15, 16), (18, 20)]
[(5, 6), (7, 8), (10, 13), (14, 15)]
[(4, 5), (7, 8), (12, 13), (15, 16), (24, 25), (28, 29)]
[(3, 4), (8, 9)]
[(1, 2), (3, 4), (5, 7), (9, 10), (15, 17), (21, 22)]
[(3, 4)]
[(2, 3), (7, 9), (10, 11)]
[(3, 4), (8, 9), (17, 18)]
[(7, 8), (10, 11), (18, 19), (25, 26), (29, 30)]
[(6, 7), (8, 9)]
[(1, 2), (5, 6), (9, 10)]
[(4, 6)]
[(6, 7)]
[(6, 7), (8, 9), (11, 12)]
[(0, 1), (13, 14), (22, 23), (24, 26), (28, 29), (32, 33)]
[(5, 6), (9, 10), (17, 18), (25, 26), (27, 28), (33, 34), (36, 38), (46, 47)]
[(4, 5), (7, 8)]
[(1, 2), (6, 7), (9, 10), (14, 15), (16, 18), (28, 30), (34, 35), (40, 42), (44, 45), (47, 48), (54, 56), (57, 58), (63, 64)]
[(2, 3), (7, 8), (14, 15), (21, 22), (25, 26), (32, 38), (43, 44), (48, 49), (51, 53)]
[(7, 8), (22, 24), (26, 27)]
[(6, 8), (16, 18), (19, 20), (25, 26), (30, 31), (33, 34), (37, 38), (49, 50)]
[(1, 3), (15, 16), (21, 22)]
[(1, 2), (3, 5), (15, 16), (20, 21), (36, 37), (43, 44), (48, 50), (51, 52)]
[(1, 2), (3, 5), (8, 9), (12, 13), (22, 23), (25, 26)]
[(1, 2), (3, 5), (9, 11), (12, 13), (20, 21), (23, 24), (25, 26), (29, 30)]
[(4, 6), (10, 13), (16, 18)]
[(0, 1), (4, 5), (14, 15)]
[(3, 4), (5, 6), (8, 9), (12, 13), (15, 16), (18, 19)]
[(2, 3), (7, 8)]
[(1, 2), (3, 5), (9, 10), (18, 19), (25, 26), (34, 35), (37, 38), (49, 50), (52, 53), (57, 58)]
[(0, 2)]
[(1, 3), (4, 6)]
[(17, 20)]
[(2, 3), (8, 9), (11, 12), (13, 14)]
[(0, 1), (10, 12), (23, 24), (35, 36)]
[(4, 5), (6, 8), (18, 20), (21, 22), (26, 27), (29, 30), (32, 35)]
[(0, 1), (14, 15), (31, 33), (34, 35), (56, 57), (58, 60), (62, 63)]
[(2, 4)]
[(5, 6), (8, 9), (19, 20), (23, 24)]
[(3, 4), (6, 7), (9, 10)]
[(10, 11), (22, 23)]
[(7, 9)]
[(1, 2), (3, 4), (5, 7)]
[(2, 3)]
[(1, 2), (3, 4)]
[(7, 8), (9, 11)]
[(0, 1), (15, 16), (17, 18), (28, 30), (35, 36), (37, 39), (44, 47)]
[]
[(2, 3), (4, 5), (15, 16), (20, 21)]
[(1, 2), (3, 4), (6, 7), (11, 12), (15, 17), (19, 21), (23, 25), (29, 30), (31, 33)]
[(1, 2), (3, 5), (14, 15), (17, 20)]
[(1, 2)]
[(4, 7), (9, 10), (13, 16), (17, 18), (19, 21), (28, 29), (30, 31), (32, 35), (37, 38), (41, 42), (44, 45)]
[(2, 3), (7, 8), (9, 10)]
[(0, 1)]
[(12, 13), (15, 16), (18, 19), (21, 22), (25, 26), (29, 30), (35, 37), (39, 40), (42, 43)]
[(0, 1), (4, 6)]
[(1, 2), (4, 6), (17, 18)]
[(1, 4), (6, 7), (9, 10), (13, 14)]
[(2, 3), (6, 8), (10, 12)]
[(3, 4), (7, 10)]
[(4, 6), (8, 9), (13, 15), (19, 21)]
[(5, 6), (9, 10), (11, 12)]
[(2, 3), (8, 9), (16, 17), (18, 19), (26, 28), (29, 30)]
[(2, 3), (12, 13), (19, 20)]
[]
[(0, 2), (9, 11), (17, 18)]
[]
[(9, 10), (14, 15), (19, 20), (31, 32), (38, 39), (51, 52)]
[(7, 10)]
[(3, 5), (15, 16), (20, 22)]
[(1, 3), (4, 6), (14, 15), (16, 17)]
[(5, 7), (8, 10)]
[(2, 3)]
[(7, 8), (10, 11)]
[(2, 4), (5, 7)]
[(0, 2)]
[(3, 4), (8, 12), (14, 15)]
[(4, 5)]
[]
[(1, 2), (6, 7), (9, 12)]
[(5, 6), (8, 9), (10, 11)]
[(4, 7), (9, 10), (13, 14), (20, 22)]
[(4, 5), (6, 9), (11, 12), (13, 15), (21, 22), (24, 26), (27, 29), (31, 32), (36, 37)]
[(0, 1), (8, 9), (10, 11), (16, 17), (22, 23)]
[(2, 4), (6, 8)]
[(1, 2), (7, 9)]
[(8, 9), (11, 12), (16, 17), (26, 27), (35, 36), (37, 38)]
[(2, 4)]
[(1, 2), (4, 5), (11, 12)]
[(1, 2), (3, 4), (8, 9), (11, 12), (14, 15), (17, 18), (25, 26), (34, 35), (36, 37)]
[(1, 3), (5, 6), (8, 9), (10, 12), (18, 19), (23, 24), (33, 34), (36, 37), (41, 42), (43, 45), (49, 50)]
[(2, 3), (7, 8), (14, 16), (23, 25)]
[(5, 7)]
[(7, 8), (10, 11), (14, 15), (20, 21), (29, 30), (33, 34), (39, 40), (45, 46), (49, 50), (52, 53), (55, 56), (59, 60), (62, 63), (64, 65)]
[(2, 3), (9, 10), (14, 15), (21, 23)]
[(2, 3), (4, 5)]
[(9, 11)]
[(5, 9), (12, 13), (15, 16)]
[(7, 8), (10, 11), (12, 13)]
[(1, 2), (5, 6), (8, 9), (17, 19)]
[(6, 7), (9, 10), (13, 15), (18, 19), (26, 27)]
[(1, 2), (3, 4), (5, 6), (7, 10)]
[(13, 14), (15, 16), (17, 18)]
[(6, 7), (13, 14)]
[(1, 2), (5, 6), (9, 10), (12, 13), (15, 17)]
[(1, 2), (3, 6)]
[(2, 3), (8, 10), (13, 15), (20, 21)]
[(8, 9), (12, 13), (19, 20), (23, 24)]
[(0, 1), (6, 7), (9, 10), (32, 33)]
[(1, 2), (7, 8), (13, 15), (19, 20)]
[(2, 4)]
[(2, 3), (4, 5), (8, 9), (10, 11)]
[(4, 6)]
[(1, 2)]
[(3, 5), (7, 8)]
[(6, 7), (13, 14)]
[(0, 1), (2, 3)]
[(1, 2), (3, 4), (6, 7)]
[(1, 4), (22, 23)]
[(9, 11), (13, 14), (21, 23), (24, 25), (33, 34), (41, 42)]
[]
[(4, 6)]
[(3, 4), (7, 8), (14, 16), (25, 26), (32, 33), (35, 36)]
[(0, 1), (2, 3)]
[(6, 8), (14, 16), (18, 19), (22, 23)]
[(3, 6), (8, 9), (17, 18)]
[(3, 5), (7, 8), (10, 12), (16, 18), (20, 21), (28, 29), (33, 35), (37, 38), (39, 40)]
[(6, 7), (10, 11)]
[(0, 1), (9, 10), (21, 24)]
[]
[(1, 3), (5, 7), (12, 14), (19, 22)]
[(1, 2), (7, 9), (14, 16), (18, 20)]
[(2, 3), (6, 9), (11, 13)]
[(0, 1), (10, 11), (17, 20), (27, 28), (39, 40)]
[(7, 9), (30, 31), (33, 34)]
[(1, 2), (4, 6), (12, 14)]
[(6, 7), (14, 15)]
[(0, 1)]
[(4, 5), (9, 10), (12, 14), (21, 23)]
[(12, 15), (17, 18), (24, 25), (28, 30), (38, 39)]
[(3, 4), (7, 9), (11, 12), (14, 16)]
[(0, 1), (2, 3), (5, 6)]
[(6, 7)]
[(6, 7), (9, 10)]
[(7, 9)]
[(0, 2)]
[(3, 4), (6, 8)]
[(1, 2), (3, 5)]
[(2, 3), (5, 6)]
[(1, 3)]
[(6, 7), (9, 10), (14, 15), (16, 17)]
[(3, 4), (7, 8), (9, 10), (12, 13), (14, 15), (27, 28)]
[(2, 3)]
[(2, 4)]
[(1, 3), (4, 5), (11, 13)]
[(3, 4)]
[(2, 4)]
[]
[(1, 2)]
[(1, 2)]
[(2, 3), (7, 10), (12, 14), (16, 17), (18, 20)]
[(3, 4), (8, 9), (11, 12), (13, 15), (16, 17), (19, 20), (21, 23)]
[(4, 5), (8, 10), (11, 12), (14, 15), (17, 18), (20, 22)]
[(4, 6)]
[(2, 4), (6, 7)]
[(5, 8)]
[(4, 5)]
[(0, 2)]
[(1, 2), (3, 4), (6, 7), (13, 15), (21, 23), (24, 25), (26, 27), (28, 29), (30, 31), (33, 35)]
[(3, 4), (5, 9)]
[]
[(1, 2), (6, 7), (8, 9)]
[]
[(1, 2), (4, 5)]
[]
[(10, 11)]
[(1, 3), (4, 5), (15, 16), (17, 19)]
[(1, 2), (6, 7), (15, 16), (25, 27)]
[(0, 1), (8, 10), (18, 20), (30, 31)]
[(5, 6), (8, 10), (15, 16), (18, 19), (20, 22), (23, 24), (28, 29), (31, 32), (34, 35), (36, 37), (39, 41), (42, 43), (50, 51), (52, 53), (55, 56), (57, 58), (60, 61), (62, 64)]
[(4, 6)]
[(1, 2)]
[(1, 2), (13, 15), (20, 21)]
[(2, 3)]
[(1, 2), (3, 6), (8, 9), (15, 17)]
[(3, 5), (6, 7)]
[(8, 10), (13, 14), (20, 21), (26, 27)]
[(8, 9), (11, 12), (16, 17), (20, 21), (26, 27)]
[(3, 5), (6, 7), (10, 11)]
[(1, 2), (5, 6), (9, 10)]
[(2, 3), (4, 7), (9, 11), (20, 21)]
[(3, 5)]
[(1, 2)]
[(5, 6), (8, 9), (10, 11), (13, 14), (21, 22), (23, 24)]
[(4, 6), (7, 8), (20, 22)]
[(3, 5), (9, 11)]
[(2, 3), (5, 6), (8, 10)]
[(8, 10)]
[(0, 1)]
[(6, 7), (9, 10), (14, 16), (20, 21), (23, 24)]
[(0, 2)]
[(1, 3)]
[(1, 3), (9, 10), (12, 13), (15, 16)]
[(3, 4), (13, 14), (16, 17), (19, 20)]
[(1, 2), (7, 8), (10, 12), (14, 15), (28, 29)]
[(3, 5), (7, 8), (12, 13), (16, 17)]
[(9, 12), (15, 17), (18, 20), (29, 31), (32, 33), (40, 41), (49, 50), (53, 54), (59, 60), (62, 64), (65, 67)]
[(4, 5), (6, 7)]
[(2, 3), (5, 6)]
[(2, 3), (5, 6), (13, 14), (16, 17), (18, 20)]
[(2, 4)]
[(2, 4)]
[(1, 2), (3, 4), (5, 6), (16, 17), (22, 23), (26, 28)]
[(1, 2), (5, 7), (9, 10)]
[(4, 5)]
[(4, 5), (7, 9)]
[(2, 3)]
[(2, 3), (5, 7), (10, 11), (15, 16)]
[(0, 3), (5, 6), (7, 10), (12, 13)]
[(7, 9), (16, 17)]
[(2, 3)]
[(2, 3), (6, 7), (9, 10)]
[]
[(1, 2)]
[(2, 3)]
[(3, 4), (6, 8)]
[(2, 4)]
[(1, 3)]
[(2, 3), (5, 6), (8, 9)]
[(1, 2), (3, 4), (12, 15), (17, 19), (23, 24), (28, 29), (36, 38), (40, 41), (53, 54)]
[(6, 9), (10, 11)]
[]
[(2, 4)]
[(4, 5), (6, 7)]
[(1, 2), (8, 11)]
[(2, 4), (6, 7)]
[(5, 6)]
[(3, 4)]
[(3, 6), (8, 9)]
[(3, 4), (6, 7)]
[(5, 6), (7, 9), (17, 18), (27, 28), (31, 32), (35, 37)]
[(0, 1), (7, 8)]
[(2, 3), (5, 6)]
[(5, 6), (17, 18)]
[(4, 5), (7, 8), (9, 10)]
[(5, 6), (13, 14)]
[(5, 6), (13, 14), (20, 21)]
[(5, 6), (13, 14), (18, 19), (22, 23)]
[(6, 7), (23, 24), (28, 29)]
[(2, 3), (4, 6)]
[(3, 5), (10, 11), (19, 20)]
[(16, 17)]
[(16, 17)]
[]
[(1, 3)]
[(0, 1), (4, 5), (11, 13)]
[(4, 5), (6, 7), (9, 10), (16, 18), (24, 25)]
[(5, 6), (13, 14), (20, 21)]
[(5, 6), (13, 14), (18, 19), (22, 24)]
[(1, 2), (9, 11), (13, 14), (15, 16), (34, 36), (38, 40)]
[(6, 8), (10, 12), (18, 19), (23, 25)]
[(1, 3), (4, 5), (9, 10), (14, 16)]
[(4, 5), (7, 8), (13, 15), (28, 29), (34, 35), (36, 37)]
[(4, 6)]
[(4, 5), (7, 8), (15, 17)]
[(7, 9), (11, 13), (15, 16), (22, 23)]
[(4, 5), (7, 8), (11, 12), (16, 18), (22, 23), (24, 25), (28, 29), (37, 38)]
[(2, 3), (7, 8), (16, 17), (19, 20)]
[(6, 7)]
[(6, 8)]
[(4, 5), (8, 9)]
[]
[(4, 5)]
[(1, 2), (5, 6)]
[(7, 8), (9, 10)]
[(12, 13), (15, 16)]
[(7, 8), (10, 12)]
[(6, 7), (8, 9)]
[(2, 3)]
[(1, 2), (3, 7)]
[(1, 2)]
[(0, 1)]
[(3, 4), (5, 6)]
[(5, 6)]
[(5, 7), (9, 10)]
[(2, 3)]
[(8, 10)]
[(0, 1), (14, 15)]
[(3, 4), (6, 7), (10, 11)]
[(1, 2), (3, 4), (6, 7), (9, 10), (14, 16), (22, 23)]
[]
[(7, 8)]
[(0, 1), (4, 5), (6, 8)]
[(1, 2), (3, 4), (6, 7), (9, 10), (16, 17)]
[(8, 9), (10, 11), (13, 14), (19, 20), (24, 25), (29, 30), (31, 33), (35, 36), (40, 41), (42, 43)]
[(11, 13), (17, 19), (24, 26)]
[(1, 2), (3, 4)]
[(1, 2), (4, 5), (6, 8)]
[(2, 3), (4, 5), (7, 9), (15, 16), (18, 19), (27, 28), (32, 33), (35, 37)]
[(1, 2), (3, 4), (6, 9)]
[(1, 2)]
[(8, 10), (13, 15)]
[(2, 3), (5, 6), (13, 15)]
[(6, 7), (11, 13), (14, 15), (25, 26), (29, 30), (35, 37)]
[(1, 2), (4, 5), (7, 9)]
[]
[(1, 4), (6, 7), (9, 11), (13, 14), (17, 20)]
[(1, 2), (6, 7), (9, 10), (15, 17)]
[(13, 14), (23, 24), (28, 29), (30, 31), (32, 33), (38, 39)]
[(1, 2), (4, 6), (10, 11), (15, 16), (17, 18), (19, 22), (24, 25), (28, 29), (36, 38), (40, 42), (46, 47), (50, 52)]
[(15, 16)]
[(4, 6)]
[(1, 3)]
[(7, 8), (10, 11)]
[(4, 5)]
[(4, 5), (12, 13), (14, 15), (16, 17)]
[(1, 2), (5, 9), (10, 13), (15, 16)]
[(3, 5), (6, 7), (11, 13)]
[(0, 2), (10, 11)]
[(14, 15), (20, 22), (34, 35)]
[(3, 4), (6, 7), (25, 27)]
[(2, 3), (5, 6), (11, 13), (14, 15), (17, 18), (23, 24)]
[(0, 1), (2, 3), (8, 9), (18, 19), (24, 26), (28, 29), (34, 35), (37, 38), (42, 43), (45, 46), (47, 50)]
[(15, 17), (19, 20)]
[(1, 2), (8, 9), (11, 13), (18, 21)]
[(0, 1), (2, 3), (10, 11), (13, 14), (17, 18), (23, 25)]
[(8, 9), (11, 13)]
[(7, 8), (10, 11)]
[(1, 2), (5, 8)]
[(4, 5)]
[(1, 3)]
[(2, 3), (9, 10)]
[(5, 7), (9, 10)]
[(0, 1), (9, 11), (17, 18)]
[(1, 2), (5, 7), (9, 10), (21, 23)]
[(0, 1), (23, 26)]
[(5, 6), (12, 13), (16, 17), (19, 20), (23, 25)]
[(0, 1), (2, 3), (7, 8), (11, 12), (14, 15), (17, 18), (21, 22), (24, 25), (27, 28), (30, 31)]
[(2, 3), (8, 9), (12, 13), (14, 15), (20, 21), (24, 25), (26, 27), (28, 29), (31, 32), (36, 38)]
[(4, 5), (9, 10), (12, 14), (21, 22)]
[(7, 9), (12, 13)]
[(11, 12), (14, 15), (17, 18)]
[(1, 2), (5, 6), (8, 11)]
[(1, 2)]
[(6, 8), (12, 14)]
[(1, 2), (4, 5), (6, 7), (10, 12), (15, 18), (24, 25), (30, 32), (34, 35)]
[(1, 2), (3, 4)]
[(2, 6), (9, 12)]
[(1, 3), (11, 12), (15, 16)]
[(1, 3), (12, 14)]
[(2, 4)]
[(0, 1), (3, 4), (5, 7)]
[(0, 1), (3, 4), (5, 7)]
[(0, 1), (2, 4), (5, 6)]
[(0, 1), (2, 4), (5, 6)]
[(0, 1), (2, 3), (5, 6), (7, 8), (9, 10), (11, 12), (13, 15)]
[(1, 3)]
[(3, 4), (5, 6), (9, 11)]
[(8, 9), (11, 13)]
[(0, 1), (3, 5)]
[(0, 1), (2, 4), (5, 6)]
[(0, 1), (2, 4), (5, 6)]
[(0, 1), (2, 3), (5, 6), (7, 8), (9, 10), (11, 12), (13, 14), (15, 17)]
[(1, 2)]
[(2, 3), (6, 8), (17, 18), (21, 22), (23, 26)]
[(4, 5)]
[(1, 2), (3, 4)]
[(2, 3), (7, 8), (10, 11), (20, 21), (23, 24)]
[(2, 3)]
[(8, 9), (12, 13), (14, 15)]
[(3, 4), (15, 16), (21, 23)]
[(1, 2), (3, 4), (6, 7), (8, 9), (10, 11), (12, 13), (14, 17)]
[(0, 2)]
[(3, 4)]
[(1, 2), (3, 4), (5, 6), (10, 11), (17, 19), (24, 25), (26, 28), (29, 30), (35, 37), (38, 39), (41, 42), (48, 49), (52, 53), (55, 56), (63, 64), (66, 68), (71, 72), (74, 75), (78, 79), (80, 81)]
[(6, 7), (9, 10), (13, 15), (16, 17), (28, 29), (40, 41), (43, 44), (45, 46), (51, 52), (54, 55)]
[(6, 7), (15, 16), (23, 24)]
[(0, 1), (6, 7), (8, 9), (18, 19), (31, 32), (34, 35)]
[(5, 7), (16, 19)]
[(1, 2), (5, 6), (9, 10), (16, 17), (19, 20), (22, 23), (25, 26)]
[(6, 7), (8, 10), (11, 12), (16, 18), (26, 27), (36, 37), (41, 43), (49, 50)]
[(3, 5), (8, 9), (15, 16), (29, 32), (34, 35), (37, 38)]
[(3, 4), (5, 6)]
[(1, 3), (9, 10)]
[(5, 6)]
[(4, 5)]
[(4, 5), (6, 7), (14, 15), (16, 17), (18, 19)]
[(3, 4), (7, 8), (10, 11), (13, 14), (17, 18), (24, 25), (27, 29)]
[(1, 3)]
[(0, 1), (4, 5), (6, 8), (16, 18), (22, 23), (25, 27)]
[(2, 4), (6, 7)]
[(0, 1), (13, 14), (18, 19), (23, 25)]
[(2, 3), (16, 17), (22, 24), (31, 32)]
[(5, 6), (7, 8), (12, 13), (14, 15), (16, 17)]
[(0, 2)]
[(3, 4), (6, 7)]
[(2, 3), (4, 5), (14, 15), (25, 26)]
[(7, 10), (13, 14), (16, 17), (46, 47), (49, 50), (52, 53), (59, 61), (66, 67), (69, 70)]
[(1, 2), (5, 7)]
[(2, 3)]
[(3, 5), (7, 8), (10, 11), (16, 18), (23, 24)]
[(2, 3), (4, 5), (9, 10), (14, 16), (18, 19), (20, 21), (25, 26), (32, 33)]
[(3, 4), (6, 7), (10, 11)]
[]
[(1, 2)]
[(3, 4), (5, 7), (11, 12)]
[(3, 6), (8, 9), (12, 14), (16, 17), (19, 20), (26, 29)]
[(1, 3), (5, 6)]
[(5, 6), (8, 9), (11, 12), (17, 18)]
[(6, 8), (25, 26), (31, 32)]
[(6, 7), (9, 10)]
[(5, 6)]
[(1, 2), (5, 7), (14, 15), (16, 17), (20, 21), (23, 24)]
[(1, 2), (3, 4), (9, 10)]
[(1, 3), (5, 7)]
[(1, 3), (5, 6)]
[(1, 2), (6, 7), (10, 11), (14, 15), (20, 21), (23, 24), (34, 35), (36, 37), (38, 39)]
[(4, 5), (7, 8), (11, 12)]
[(4, 7), (9, 10)]
[(1, 3)]
[(1, 2), (7, 8), (13, 14), (16, 17)]
[(8, 9), (12, 13), (17, 19)]
[(4, 6)]
[(2, 4), (6, 7), (13, 14)]
[(3, 5), (7, 8), (11, 12), (13, 14), (20, 21), (26, 28)]
[(7, 8), (16, 17), (25, 26), (30, 31), (34, 36), (39, 40), (43, 44), (47, 48)]
[(3, 5), (8, 10), (15, 17), (45, 46), (49, 51), (63, 64)]
[(6, 8)]
[(2, 3)]
[(5, 6)]
[(5, 6), (7, 8), (9, 10), (16, 17), (18, 19)]
[(5, 6), (9, 10), (12, 13)]
[(1, 2), (3, 7), (8, 9)]
[(8, 11), (13, 14), (19, 22)]
[(11, 13), (15, 16)]
[(2, 3), (4, 5), (12, 13), (19, 20), (22, 23), (30, 31), (33, 34), (36, 37), (39, 40), (42, 43), (45, 48)]
[(3, 5), (13, 14)]
[(3, 4), (6, 7), (14, 15)]
[(5, 7), (9, 10), (12, 13), (17, 19), (28, 29), (33, 34), (41, 42), (45, 46), (52, 53), (55, 57)]
[(2, 3), (6, 7)]
[(2, 3)]
[(5, 6), (8, 9)]
[(2, 3), (4, 5), (7, 9)]
[(2, 3)]
[(7, 8)]
[(2, 3)]
[(5, 7), (9, 10), (15, 17), (23, 25), (26, 27)]
[(4, 6)]
[(1, 3), (6, 8)]
[]
[(2, 3)]
[]
[(2, 4)]
[(4, 5), (7, 8), (13, 15)]
[(1, 2), (5, 6), (8, 9), (12, 13), (30, 31), (32, 33), (35, 37)]
[(3, 4), (6, 7), (17, 19)]
[(5, 6), (7, 8)]
[(3, 4)]
[(7, 8), (10, 11)]
[(4, 5), (7, 8), (13, 14), (17, 18)]
[(1, 3), (5, 6), (11, 12), (18, 19)]
[(5, 7), (9, 11)]
[(6, 9), (11, 12)]
[(4, 5), (6, 7), (15, 16), (18, 19)]
[(6, 8)]
[(3, 6), (12, 13), (14, 15), (21, 22), (23, 24), (25, 26)]
[(3, 5), (7, 8), (11, 12), (13, 14)]
[(3, 4), (9, 10), (13, 14), (15, 16), (21, 22), (23, 24), (31, 32), (34, 36), (43, 44)]
[(15, 16), (18, 19)]
[(7, 9), (11, 12), (16, 17), (19, 20)]
[(8, 9)]
[(2, 4), (5, 6)]
[(1, 2), (6, 7), (8, 9)]
[(0, 2)]
[(6, 8)]
[(3, 4), (7, 9), (11, 12), (15, 17), (19, 20), (25, 26), (27, 28)]
[(4, 5), (7, 8), (11, 12), (15, 16), (23, 24)]
[(5, 6), (10, 11), (16, 17), (20, 21), (24, 25), (27, 28), (32, 33)]
[(3, 6)]
[(2, 3)]
[(1, 3), (5, 6), (7, 9)]
[(3, 4), (5, 6), (8, 9), (11, 12), (23, 24), (27, 28), (29, 30), (32, 33)]
[(3, 5), (7, 8)]
[(1, 2), (3, 5), (7, 8)]
[(1, 2), (6, 8), (13, 15), (18, 19), (22, 26)]
[(1, 2), (11, 12), (16, 18), (24, 25), (29, 30), (32, 33), (37, 38), (43, 45), (49, 50), (52, 53)]
[(1, 2), (4, 5), (7, 8)]
[(1, 3), (5, 7)]
[(1, 2), (3, 4), (6, 7)]
[(1, 2), (3, 4)]
[(0, 1), (5, 6)]
[(0, 1)]
[(0, 1)]
[(3, 4)]
[(2, 3), (4, 6), (8, 9), (12, 13), (20, 21), (28, 29)]
[(1, 4)]
[(2, 3), (6, 7), (8, 10)]
[(3, 6)]
[(5, 6), (8, 9), (14, 15), (16, 17), (22, 24)]
[(4, 7)]
[(0, 1), (3, 5), (10, 11), (19, 21), (32, 34), (35, 36)]
[(0, 1), (2, 3), (6, 8), (13, 14), (16, 19), (21, 22), (23, 25)]
[(0, 2)]
[(0, 1), (2, 4)]
[]
[(0, 2), (7, 8), (10, 11), (18, 21), (29, 30), (35, 36), (37, 38), (40, 41), (43, 44), (48, 49), (52, 53), (55, 56), (71, 72), (79, 80)]
[(6, 8)]
[(4, 5), (6, 8), (23, 24), (26, 28), (31, 32), (37, 39), (40, 41), (53, 54), (55, 56)]
[(2, 4), (5, 6), (8, 9), (12, 14), (19, 20), (24, 26), (32, 34), (38, 39), (42, 43)]
[(0, 1), (4, 5), (6, 7), (14, 15), (20, 21), (22, 24), (27, 30), (33, 34), (37, 39)]
[(18, 19), (33, 35), (37, 38), (39, 40), (43, 45)]
[(4, 5), (11, 12), (18, 19), (20, 21), (40, 41), (43, 44), (48, 49), (53, 55), (57, 58), (59, 60), (62, 63), (69, 70), (72, 73)]
[(7, 9)]
[(1, 2), (4, 5)]
[(1, 3), (4, 5)]
[(1, 4)]
[(2, 3)]
[(1, 2), (3, 4), (5, 6)]
[(8, 9), (14, 15)]
[(10, 11), (14, 16), (19, 20), (22, 24), (26, 28), (33, 35)]
[(1, 2), (4, 5), (10, 12), (21, 22)]
[(7, 9), (15, 16)]
[(3, 4), (8, 10), (13, 15)]
[(0, 1), (14, 15), (21, 23), (24, 25)]
[(2, 3), (4, 5), (11, 12), (16, 17), (18, 19), (23, 25)]
[(5, 6), (8, 10)]
[(1, 11)]
[(0, 1), (3, 4)]
[(3, 4), (6, 9), (10, 11)]
[(6, 7)]
[(3, 4), (5, 6), (8, 9)]
[(1, 2), (6, 7), (11, 13), (14, 15), (17, 18), (24, 26)]
[(5, 7), (9, 11), (13, 14)]
[(6, 9), (10, 11)]
[(1, 2), (8, 9), (10, 11)]
[(3, 5), (9, 10), (15, 17)]
[(3, 4), (5, 6), (12, 14), (16, 18), (23, 25), (28, 29), (34, 35)]
[(3, 4)]
[(2, 3)]
[(4, 5), (8, 9), (11, 13), (21, 22), (26, 27), (30, 31)]
[(6, 7), (9, 10), (17, 18)]
[]
[(4, 5)]
[(4, 5), (8, 9), (11, 13), (16, 17), (20, 22), (25, 27)]
[(3, 4), (16, 17), (25, 26), (27, 28)]
[(5, 6), (7, 10)]
[(4, 5)]
[(5, 6), (7, 8), (10, 12), (19, 21)]
[(2, 3), (6, 7)]
[(5, 6), (8, 11), (13, 14)]
[(2, 3), (7, 8)]
[(1, 2), (3, 5), (7, 8), (30, 31), (34, 36)]
[(5, 7), (8, 9), (11, 12), (18, 20)]
[(5, 6), (11, 12), (15, 16), (18, 21)]
[(3, 5), (6, 7), (15, 17), (18, 19), (22, 23)]
[(2, 3), (4, 6), (8, 9)]
[(3, 4), (6, 8)]
[(1, 2)]
[(14, 15)]
[(1, 2), (3, 4), (6, 7)]
[(1, 3), (6, 7)]
[(8, 10)]
[]
[(1, 2), (4, 5), (7, 8), (15, 16), (20, 21), (24, 25)]
[(3, 4), (5, 7)]
[(20, 22)]
[(3, 4), (14, 16), (21, 22)]
[(3, 4)]
[(5, 6), (11, 12)]
[(1, 2), (12, 13), (15, 16), (19, 20)]
[(0, 1), (2, 3), (16, 17), (23, 24), (25, 26)]
[(6, 8), (9, 10), (12, 14), (15, 16), (18, 19), (22, 23), (29, 31)]
[(9, 10), (11, 12), (21, 24), (28, 29), (30, 31), (35, 36), (42, 43)]
[(0, 2), (3, 4), (9, 10), (11, 12)]
[(1, 2), (7, 8), (10, 11), (13, 14), (19, 20), (21, 22), (26, 27), (33, 34)]
[(6, 7), (9, 10), (12, 13), (18, 19), (20, 21), (29, 31)]
[(5, 6), (15, 16), (18, 19), (26, 27), (34, 35)]
[(1, 2), (3, 6), (11, 12)]
[(6, 7)]
[(1, 2), (4, 5)]
[]
[]
[(5, 6), (11, 13)]
[(2, 3), (6, 7), (9, 10), (15, 16), (18, 19), (23, 30), (34, 35), (37, 39), (44, 49), (59, 60)]
[(6, 15), (16, 17)]
[]
[(2, 3), (8, 9), (11, 12)]
[(1, 2)]
[(4, 5), (6, 9), (12, 13)]
[(4, 5)]
[(1, 2)]
[(2, 3), (7, 8), (10, 11)]
[(2, 5), (11, 12), (14, 15), (22, 23), (33, 34), (40, 41), (47, 48)]
[(3, 4), (6, 8), (12, 13), (17, 18), (20, 21)]
[(3, 5)]
[(5, 7)]
[(1, 2), (5, 7), (9, 10), (15, 16), (18, 19), (21, 22), (27, 29), (30, 31)]
[(4, 5)]
[(2, 3)]
[(1, 2), (4, 6)]
[(1, 2), (3, 5)]
[(1, 2)]
[(2, 3), (6, 7)]
[(1, 2), (3, 5)]
[(2, 3), (5, 6)]
[(4, 6)]
[(1, 2)]
[(4, 6)]
[(1, 2), (5, 6), (8, 9)]
[(0, 1)]
[]
[(1, 2), (9, 11), (13, 14)]
[(3, 5), (7, 8), (9, 11)]
[(3, 5), (9, 10), (21, 23), (24, 25), (26, 27), (28, 29), (30, 31), (45, 46), (49, 50), (52, 53), (55, 56), (63, 65), (71, 72), (74, 75)]
[(1, 2), (4, 5), (6, 7)]
[(2, 3), (9, 11), (13, 14), (15, 16)]
[(5, 6), (9, 12)]
[(1, 2), (7, 8), (19, 21), (22, 23), (38, 39), (49, 51), (52, 53), (62, 63), (68, 70)]
[(1, 2), (20, 22)]
[(2, 3), (13, 14), (16, 17), (20, 22), (24, 25), (26, 28), (31, 33), (41, 42), (47, 49)]
[(5, 7), (13, 15), (19, 20), (23, 26), (30, 31), (37, 38), (40, 41), (45, 48), (50, 51), (55, 57), (58, 59), (63, 64), (77, 79), (84, 86), (88, 90), (91, 93)]
[(1, 3), (6, 7), (9, 11), (15, 17), (19, 20), (22, 24), (29, 30), (32, 33), (35, 37), (39, 40), (45, 46), (49, 51), (53, 54), (57, 59), (60, 61), (65, 66), (67, 68), (72, 73), (74, 76), (78, 79), (80, 81), (88, 89), (91, 92), (94, 95), (97, 98), (99, 101), (102, 103), (106, 107), (109, 111), (112, 113), (116, 117), (122, 124), (126, 129)]
[(6, 8), (10, 11), (14, 15), (33, 34), (36, 37), (43, 44), (47, 48), (51, 52), (54, 55), (57, 59), (65, 66), (69, 70), (71, 74), (76, 77), (79, 81), (84, 85), (87, 88), (90, 91), (93, 94), (98, 101), (110, 112), (114, 116), (117, 118), (121, 122), (124, 125), (127, 128), (131, 132), (134, 136), (137, 140)]
[(8, 11), (12, 13), (19, 20), (24, 26), (36, 38), (40, 41), (43, 44), (46, 47), (55, 58), (61, 63), (69, 71), (76, 77), (78, 79), (91, 93), (97, 98), (101, 103), (106, 108), (109, 110), (113, 116)]